0.012 0.460 -0.003 1.189 -0.002 0.729 -0.009
0.011 0.460 0.001 1.189 0.000 0.729 -0.012
0.010 0.460 0.004 1.189 0.003 0.729 -0.016
0.008 0.460 0.008 1.189 0.005 0.729 -0.019
0.007 0.460 0.012 1.189 0.008 0.729 -0.023
0.005 0.460 0.015 1.189 0.010 0.729 -0.027
0.004 0.460 0.019 1.189 0.013 0.729 -0.030
0.002 0.461 0.023 1.189 0.015 0.729 -0.034
0.001 0.461 0.026 1.189 0.018 0.728 -0.038
-0.000 0.461 0.030 1.189 0.020 0.728 -0.042
-0.002 0.461 0.034 1.189 0.023 0.728 -0.045
-0.003 0.461 0.037 1.189 0.025 0.728 -0.049
-0.005 0.462 0.041 1.189 0.028 0.728 -0.053
-0.006 0.462 0.045 1.189 0.030 0.727 -0.056
-0.008 0.462 0.048 1.189 0.033 0.727 -0.060
-0.009 0.463 0.052 1.189 0.035 0.727 -0.063
-0.011 0.463 0.055 1.189 0.037 0.727 -0.067
-0.012 0.464 0.059 1.189 0.040 0.726 -0.071
-0.013 0.464 0.063 1.189 0.042 0.726 -0.074
-0.015 0.465 0.066 1.189 0.045 0.726 -0.078
-0.016 0.465 0.070 1.189 0.047 0.725 -0.081
-0.018 0.466 0.073 1.189 0.050 0.725 -0.085
-0.019 0.466 0.077 1.189 0.052 0.724 -0.088
-0.021 0.467 0.080 1.189 0.055 0.724 -0.092
-0.022 0.468 0.084 1.189 0.057 0.724 -0.095
-0.023 0.468 0.087 1.189 0.059 0.723 -0.099
-0.025 0.469 0.090 1.189 0.062 0.723 -0.102
-0.026 0.470 0.094 1.189 0.064 0.722 -0.106
-0.028 0.470 0.097 1.189 0.067 0.722 -0.109
-0.029 0.471 0.100 1.189 0.069 0.721 -0.112
-0.030 0.472 0.104 1.189 0.071 0.720 -0.116
-0.032 0.473 0.107 1.189 0.074 0.720 -0.119
-0.033 0.474 0.110 1.189 0.076 0.719 -0.122
-0.035 0.475 0.113 1.189 0.079 0.719 -0.125
-0.036 0.476 0.116 1.189 0.081 0.718 -0.129
-0.037 0.476 0.119 1.189 0.083 0.717 -0.132
-0.039 0.477 0.123 1.189 0.086 0.717 -0.135
-0.040 0.478 0.126 1.189 0.088 0.716 -0.138
-0.041 0.479 0.129 1.189 0.090 0.715 -0.141
-0.043 0.480 0.132 1.189 0.093 0.714 -0.144
-0.044 0.482 0.135 1.189 0.095 0.714 -0.147
-0.045 0.483 0.137 1.189 0.097 0.713 -0.150
-0.047 0.484 0.140 1.189 0.100 0.712 -0.153
-0.048 0.485 0.143 1.189 0.102 0.711 -0.156
-0.049 0.486 0.146 1.189 0.104 0.710 -0.159
-0.051 0.487 0.148 1.189 0.107 0.709 -0.162
-0.052 0.488 0.151 1.189 0.109 0.708 -0.165
-0.053 0.490 0.154 1.189 0.111 0.707 -0.167
-0.054 0.491 0.156 1.189 0.113 0.706 -0.170
-0.056 0.492 0.159 1.189 0.116 0.705 -0.173
-0.057 0.493 0.161 1.189 0.118 0.704 -0.175
-0.058 0.495 0.164 1.189 0.120 0.703 -0.178
-0.059 0.496 0.166 1.189 0.122 0.702 -0.181
-0.060 0.498 0.169 1.189 0.124 0.701 -0.183
-0.062 0.499 0.171 1.189 0.127 0.700 -0.186
-0.063 0.500 0.173 1.189 0.129 0.699 -0.188
-0.064 0.502 0.175 1.189 0.131 0.698 -0.191
-0.065 0.503 0.177 1.189 0.133 0.697 -0.193
-0.066 0.505 0.179 1.189 0.135 0.696 -0.195
-0.067 0.506 0.182 1.189 0.137 0.695 -0.198
-0.068 0.508 0.184 1.189 0.139 0.693 -0.200
-0.070 0.509 0.185 1.189 0.141 0.692 -0.202
-0.071 0.511 0.187 1.189 0.143 0.691 -0.204
-0.072 0.512 0.189 1.189 0.145 0.690 -0.206
-0.073 0.514 0.191 1.189 0.147 0.688 -0.208
-0.074 0.516 0.193 1.189 0.149 0.687 -0.210
-0.075 0.517 0.194 1.189 0.151 0.686 -0.212
-0.076 0.519 0.196 1.189 0.153 0.684 -0.214
-0.076 0.520 0.197 1.189 0.155 0.683 -0.216
-0.077 0.522 0.199 1.189 0.157 0.682 -0.218
-0.078 0.524 0.200 1.189 0.159 0.680 -0.220
-0.079 0.525 0.202 1.189 0.161 0.679 -0.221
-0.080 0.527 0.203 1.189 0.163 0.677 -0.223
-0.081 0.529 0.204 1.189 0.164 0.676 -0.225
-0.082 0.531 0.205 1.189 0.166 0.674 -0.226
-0.082 0.532 0.206 1.189 0.168 0.673 -0.228
-0.083 0.534 0.207 1.189 0.170 0.671 -0.229
-0.084 0.536 0.209 1.189 0.171 0.670 -0.231
-0.084 0.538 0.209 1.189 0.173 0.668 -0.232
-0.085 0.540 0.210 1.189 0.174 0.667 -0.234
-0.086 0.541 0.211 1.189 0.176 0.665 -0.235
-0.086 0.543 0.212 1.189 0.178 0.664 -0.236
-0.087 0.545 0.213 1.189 0.179 0.662 -0.238
-0.087 0.547 0.213 1.189 0.181 0.660 -0.239
-0.088 0.549 0.214 1.189 0.182 0.659 -0.240
-0.088 0.550 0.215 1.189 0.183 0.657 -0.241
-0.089 0.552 0.215 1.189 0.185 0.655 -0.242
-0.089 0.554 0.215 1.189 0.186 0.654 -0.243
-0.090 0.556 0.216 1.189 0.187 0.652 -0.244
-0.090 0.558 0.216 1.189 0.189 0.650 -0.245
-0.090 0.560 0.216 1.189 0.190 0.649 -0.246
-0.091 0.562 0.217 1.189 0.191 0.647 -0.247
-0.091 0.563 0.217 1.189 0.192 0.645 -0.248
-0.091 0.565 0.217 1.189 0.193 0.643 -0.248
-0.091 0.567 0.217 1.189 0.195 0.642 -0.249
-0.091 0.569 0.217 1.189 0.196 0.640 -0.250
-0.092 0.571 0.217 1.189 0.197 0.638 -0.250
-0.092 0.573 0.217 1.189 0.198 0.636 -0.251
-0.092 0.575 0.217 1.189 0.198 0.634 -0.251
-0.092 0.577 0.216 1.189 0.199 0.633 -0.252
-0.092 0.578 0.216 1.189 0.200 0.631 -0.252
-0.092 0.580 0.216 1.189 0.201 0.629 -0.253
-0.092 0.582 0.215 1.189 0.202 0.627 -0.253
-0.091 0.584 0.215 1.189 0.202 0.625 -0.254
-0.091 0.586 0.215 1.189 0.203 0.623 -0.254
-0.091 0.588 0.214 1.189 0.204 0.622 -0.254
-0.091 0.590 0.213 1.189 0.204 0.620 -0.254
-0.090 0.592 0.213 1.189 0.205 0.618 -0.255
-0.090 0.593 0.212 1.189 0.205 0.616 -0.255
-0.090 0.595 0.211 1.189 0.206 0.614 -0.255
-0.089 0.597 0.211 1.189 0.206 0.612 -0.255
-0.089 0.599 0.210 1.189 0.206 0.610 -0.255
-0.088 0.601 0.209 1.189 0.207 0.608 -0.255
-0.088 0.603 0.208 1.189 0.207 0.606 -0.255
-0.087 0.604 0.207 1.189 0.207 0.605 -0.255
-0.087 0.606 0.206 1.189 0.207 0.603 -0.255
-0.086 0.608 0.205 1.189 0.207 0.601 -0.255
-0.085 0.610 0.204 1.189 0.207 0.599 -0.254
-0.084 0.612 0.203 1.189 0.207 0.597 -0.254
-0.083 0.613 0.201 1.189 0.207 0.595 -0.254
-0.083 0.615 0.200 1.189 0.207 0.593 -0.254
-0.082 0.617 0.199 1.189 0.206 0.591 -0.253
-0.081 0.618 0.198 1.189 0.206 0.589 -0.253
-0.080 0.620 0.196 1.189 0.206 0.588 -0.253
-0.079 0.622 0.195 1.189 0.205 0.586 -0.252
-0.077 0.624 0.193 1.189 0.205 0.584 -0.252
-0.076 0.625 0.192 1.189 0.204 0.582 -0.251
-0.075 0.627 0.190 1.189 0.204 0.580 -0.251
-0.074 0.628 0.189 1.189 0.203 0.578 -0.250
-0.073 0.630 0.187 1.189 0.202 0.576 -0.249
-0.071 0.632 0.185 1.189 0.202 0.575 -0.249
-0.070 0.633 0.184 1.189 0.201 0.573 -0.248
-0.069 0.635 0.182 1.189 0.200 0.571 -0.248
-0.067 0.636 0.180 1.189 0.199 0.569 -0.247
-0.066 0.638 0.179 1.189 0.198 0.567 -0.246
-0.064 0.639 0.177 1.189 0.197 0.566 -0.245
-0.062 0.641 0.175 1.189 0.196 0.564 -0.245
-0.061 0.642 0.173 1.189 0.195 0.562 -0.244
-0.059 0.644 0.171 1.189 0.194 0.560 -0.243
-0.057 0.645 0.169 1.189 0.192 0.559 -0.242
-0.056 0.647 0.167 1.189 0.191 0.557 -0.241
-0.054 0.648 0.166 1.189 0.190 0.555 -0.240
-0.052 0.650 0.164 1.189 0.188 0.554 -0.240
-0.050 0.651 0.162 1.189 0.187 0.552 -0.239
-0.048 0.652 0.160 1.189 0.185 0.550 -0.238
-0.046 0.654 0.158 1.189 0.184 0.549 -0.237
-0.044 0.655 0.155 1.189 0.182 0.547 -0.236
-0.042 0.656 0.153 1.189 0.180 0.545 -0.235
-0.040 0.658 0.151 1.189 0.179 0.544 -0.234
-0.038 0.659 0.149 1.189 0.177 0.542 -0.233
-0.035 0.660 0.147 1.189 0.175 0.541 -0.231
-0.033 0.661 0.145 1.189 0.173 0.539 -0.230
-0.031 0.662 0.143 1.189 0.171 0.538 -0.229
-0.029 0.664 0.140 1.189 0.169 0.536 -0.228
-0.026 0.665 0.138 1.189 0.167 0.535 -0.227
-0.024 0.666 0.136 1.189 0.165 0.533 -0.226
-0.021 0.667 0.134 1.189 0.163 0.532 -0.225
-0.019 0.668 0.131 1.189 0.161 0.531 -0.224
-0.016 0.669 0.129 1.189 0.159 0.529 -0.222
-0.014 0.670 0.127 1.189 0.156 0.528 -0.221
-0.011 0.671 0.124 1.189 0.154 0.527 -0.220
-0.008 0.672 0.122 1.189 0.152 0.525 -0.219
-0.006 0.673 0.120 1.189 0.149 0.524 -0.217
-0.003 0.674 0.117 1.189 0.147 0.523 -0.216
-0.000 0.675 0.115 1.189 0.144 0.521 -0.215
0.003 0.676 0.113 1.189 0.142 0.520 -0.214
0.005 0.677 0.110 1.189 0.139 0.519 -0.212
0.008 0.678 0.108 1.189 0.137 0.518 -0.211
0.011 0.679 0.105 1.189 0.134 0.517 -0.210
0.014 0.680 0.103 1.189 0.131 0.516 -0.209
0.017 0.680 0.100 1.189 0.128 0.514 -0.207
0.020 0.681 0.098 1.189 0.126 0.513 -0.206
0.023 0.682 0.096 1.189 0.123 0.512 -0.205
0.026 0.683 0.093 1.189 0.120 0.511 -0.203
0.029 0.683 0.091 1.189 0.117 0.510 -0.202
0.032 0.684 0.088 1.189 0.114 0.509 -0.200
0.036 0.685 0.086 1.189 0.111 0.508 -0.199
0.039 0.685 0.083 1.189 0.108 0.508 -0.198
0.042 0.686 0.081 1.189 0.105 0.507 -0.196
0.045 0.687 0.078 1.189 0.102 0.506 -0.195
0.049 0.687 0.075 1.189 0.099 0.505 -0.194
0.052 0.688 0.073 1.189 0.096 0.504 -0.192
0.055 0.689 0.070 1.189 0.093 0.503 -0.191
0.058 0.689 0.068 1.189 0.090 0.503 -0.189
0.062 0.690 0.065 1.189 0.086 0.502 -0.188
0.065 0.690 0.063 1.189 0.083 0.501 -0.187
0.069 0.691 0.060 1.189 0.080 0.501 -0.185
0.072 0.691 0.058 1.189 0.077 0.500 -0.184
0.075 0.691 0.055 1.189 0.073 0.499 -0.182
0.079 0.692 0.053 1.189 0.070 0.499 -0.181
0.082 0.692 0.050 1.189 0.067 0.498 -0.179
0.086 0.693 0.047 1.189 0.063 0.498 -0.178
0.089 0.693 0.045 1.189 0.060 0.497 -0.177
0.093 0.693 0.042 1.189 0.057 0.497 -0.175
0.097 0.694 0.040 1.189 0.053 0.496 -0.174
0.100 0.694 0.037 1.189 0.050 0.496 -0.172
0.104 0.694 0.034 1.189 0.046 0.495 -0.171
0.107 0.695 0.032 1.189 0.043 0.495 -0.169
0.111 0.695 0.029 1.189 0.039 0.495 -0.168
0.114 0.695 0.027 1.189 0.036 0.494 -0.167
0.118 0.695 0.024 1.189 0.032 0.494 -0.165
0.122 0.695 0.021 1.189 0.029 0.494 -0.164
0.125 0.695 0.019 1.189 0.025 0.494 -0.162
0.129 0.696 0.016 1.189 0.022 0.493 -0.161
0.133 0.696 0.014 1.189 0.018 0.493 -0.159
0.136 0.696 0.011 1.189 0.015 0.493 -0.158
0.140 0.696 0.008 1.189 0.011 0.493 -0.156
0.144 0.696 0.006 1.189 0.008 0.493 -0.155
0.147 0.696 0.003 1.189 0.004 0.493 -0.153
0.151 0.696 0.001 1.189 0.001 0.493 -0.152
0.155 0.696 -0.002 1.189 -0.003 0.493 -0.151
0.158 0.696 -0.005 1.189 -0.006 0.493 -0.149
0.162 0.696 -0.007 1.189 -0.010 0.493 -0.148
0.165 0.696 -0.010 1.189 -0.013 0.493 -0.146
0.169 0.696 -0.012 1.189 -0.017 0.493 -0.145
0.173 0.696 -0.015 1.189 -0.020 0.493 -0.143
0.176 0.696 -0.018 1.189 -0.024 0.494 -0.142
0.180 0.695 -0.020 1.189 -0.027 0.494 -0.140
0.184 0.695 -0.023 1.189 -0.031 0.494 -0.139
0.187 0.695 -0.025 1.189 -0.034 0.494 -0.138
0.191 0.695 -0.028 1.189 -0.038 0.495 -0.136
0.194 0.695 -0.031 1.189 -0.041 0.495 -0.135
0.198 0.694 -0.033 1.189 -0.045 0.495 -0.133
0.202 0.694 -0.036 1.189 -0.048 0.496 -0.132
0.205 0.694 -0.038 1.189 -0.052 0.496 -0.130
0.209 0.693 -0.041 1.189 -0.055 0.497 -0.129
0.212 0.693 -0.044 1.189 -0.058 0.497 -0.127
0.216 0.693 -0.046 1.189 -0.062 0.498 -0.126
0.219 0.692 -0.049 1.189 -0.065 0.498 -0.125
0.223 0.692 -0.051 1.189 -0.069 0.499 -0.123
0.226 0.692 -0.054 1.189 -0.072 0.499 -0.122
0.230 0.691 -0.056 1.189 -0.075 0.500 -0.120
0.233 0.691 -0.059 1.189 -0.078 0.500 -0.119
0.237 0.690 -0.061 1.189 -0.082 0.501 -0.117
0.240 0.690 -0.064 1.189 -0.085 0.502 -0.116
0.243 0.689 -0.067 1.189 -0.088 0.503 -0.115
0.247 0.689 -0.069 1.189 -0.091 0.503 -0.113
0.250 0.688 -0.072 1.189 -0.094 0.504 -0.112
0.253 0.688 -0.074 1.189 -0.098 0.505 -0.110
0.257 0.687 -0.077 1.189 -0.101 0.506 -0.109
0.260 0.686 -0.079 1.189 -0.104 0.507 -0.108
0.263 0.686 -0.082 1.189 -0.107 0.507 -0.106
0.266 0.685 -0.084 1.189 -0.110 0.508 -0.105
0.269 0.684 -0.087 1.189 -0.113 0.509 -0.104
0.272 0.684 -0.089 1.189 -0.116 0.510 -0.102
0.276 0.683 -0.092 1.189 -0.118 0.511 -0.101
0.279 0.682 -0.094 1.189 -0.121 0.512 -0.100
0.282 0.681 -0.097 1.189 -0.124 0.513 -0.098
0.285 0.681 -0.099 1.189 -0.127 0.514 -0.097
0.288 0.680 -0.102 1.189 -0.130 0.515 -0.096
0.291 0.679 -0.104 1.189 -0.132 0.517 -0.094
0.293 0.678 -0.106 1.189 -0.135 0.518 -0.093
0.296 0.677 -0.109 1.189 -0.138 0.519 -0.092
0.299 0.676 -0.111 1.189 -0.140 0.520 -0.090
0.302 0.675 -0.114 1.189 -0.143 0.521 -0.089
0.305 0.674 -0.116 1.189 -0.145 0.522 -0.088
0.308 0.674 -0.118 1.189 -0.148 0.524 -0.086
0.310 0.673 -0.121 1.189 -0.150 0.525 -0.085
0.313 0.672 -0.123 1.189 -0.153 0.526 -0.084
0.316 0.671 -0.125 1.189 -0.155 0.528 -0.083
0.318 0.669 -0.128 1.189 -0.157 0.529 -0.082
0.321 0.668 -0.130 1.189 -0.160 0.530 -0.080
0.323 0.667 -0.132 1.189 -0.162 0.532 -0.079
0.326 0.666 -0.135 1.189 -0.164 0.533 -0.078
0.328 0.665 -0.137 1.189 -0.166 0.535 -0.077
0.330 0.664 -0.139 1.189 -0.168 0.536 -0.076
0.333 0.663 -0.141 1.189 -0.170 0.538 -0.075
0.335 0.662 -0.144 1.189 -0.172 0.539 -0.073
0.337 0.660 -0.146 1.189 -0.174 0.541 -0.072
0.340 0.659 -0.148 1.189 -0.176 0.542 -0.071
0.342 0.658 -0.150 1.189 -0.178 0.544 -0.070
0.344 0.657 -0.152 1.189 -0.179 0.545 -0.069
0.346 0.655 -0.154 1.189 -0.181 0.547 -0.068
0.348 0.654 -0.156 1.189 -0.183 0.548 -0.067
0.350 0.653 -0.158 1.189 -0.184 0.550 -0.066
0.352 0.651 -0.160 1.189 -0.186 0.552 -0.065
0.354 0.650 -0.162 1.189 -0.187 0.553 -0.064
0.356 0.649 -0.164 1.189 -0.189 0.555 -0.063
0.358 0.647 -0.166 1.189 -0.190 0.557 -0.062
0.359 0.646 -0.168 1.189 -0.191 0.558 -0.062
0.361 0.644 -0.170 1.189 -0.193 0.560 -0.061
0.363 0.643 -0.172 1.189 -0.194 0.562 -0.060
0.364 0.641 -0.174 1.189 -0.195 0.564 -0.059
0.366 0.640 -0.176 1.189 -0.196 0.565 -0.058
0.368 0.638 -0.177 1.189 -0.197 0.567 -0.058
0.369 0.637 -0.179 1.189 -0.198 0.569 -0.057
0.371 0.635 -0.181 1.189 -0.199 0.571 -0.056
0.372 0.634 -0.183 1.189 -0.200 0.572 -0.055
0.373 0.632 -0.184 1.189 -0.201 0.574 -0.055
0.375 0.631 -0.186 1.189 -0.202 0.576 -0.054
0.376 0.629 -0.188 1.189 -0.202 0.578 -0.054
0.377 0.627 -0.189 1.189 -0.203 0.580 -0.053
0.378 0.626 -0.191 1.189 -0.204 0.582 -0.052
0.380 0.624 -0.192 1.189 -0.204 0.583 -0.052
0.381 0.622 -0.194 1.189 -0.205 0.585 -0.052
0.382 0.621 -0.195 1.189 -0.205 0.587 -0.051
0.383 0.619 -0.196 1.189 -0.205 0.589 -0.051
0.384 0.617 -0.198 1.189 -0.206 0.591 -0.050
0.385 0.616 -0.199 1.189 -0.206 0.593 -0.050
0.386 0.614 -0.200 1.189 -0.206 0.595 -0.050
0.386 0.612 -0.202 1.189 -0.206 0.596 -0.049
0.387 0.610 -0.203 1.189 -0.206 0.598 -0.049
0.388 0.609 -0.204 1.189 -0.206 0.600 -0.049
0.389 0.607 -0.205 1.189 -0.206 0.602 -0.049
0.389 0.605 -0.206 1.189 -0.206 0.604 -0.049
0.390 0.603 -0.207 1.189 -0.206 0.606 -0.048
0.391 0.601 -0.208 1.189 -0.206 0.608 -0.048
0.391 0.600 -0.209 1.189 -0.206 0.610 -0.048
0.392 0.598 -0.210 1.189 -0.206 0.611 -0.048
0.392 0.596 -0.211 1.189 -0.205 0.613 -0.048
0.393 0.594 -0.211 1.189 -0.205 0.615 -0.048
0.393 0.592 -0.212 1.189 -0.205 0.617 -0.049
0.393 0.590 -0.213 1.189 -0.204 0.619 -0.049
0.394 0.589 -0.214 1.189 -0.204 0.621 -0.049
0.394 0.587 -0.214 1.189 -0.203 0.623 -0.049
0.394 0.585 -0.215 1.189 -0.203 0.625 -0.049
0.394 0.583 -0.215 1.189 -0.202 0.626 -0.050
0.395 0.581 -0.216 1.189 -0.201 0.628 -0.050
0.395 0.579 -0.216 1.189 -0.201 0.630 -0.050
0.395 0.577 -0.216 1.189 -0.200 0.632 -0.051
0.395 0.575 -0.217 1.189 -0.199 0.634 -0.051
0.395 0.574 -0.217 1.189 -0.198 0.636 -0.052
0.395 0.572 -0.217 1.189 -0.197 0.637 -0.052
0.395 0.570 -0.217 1.189 -0.196 0.639 -0.053
0.395 0.568 -0.217 1.189 -0.195 0.641 -0.053
0.395 0.566 -0.217 1.189 -0.194 0.643 -0.054
0.394 0.564 -0.217 1.189 -0.193 0.645 -0.055
0.394 0.562 -0.217 1.189 -0.192 0.646 -0.055
0.394 0.560 -0.217 1.189 -0.191 0.648 -0.056
0.394 0.558 -0.217 1.189 -0.190 0.650 -0.057
0.393 0.556 -0.217 1.189 -0.188 0.651 -0.058
0.393 0.555 -0.216 1.189 -0.187 0.653 -0.059
0.392 0.553 -0.216 1.189 -0.186 0.655 -0.060
0.392 0.551 -0.215 1.189 -0.184 0.657 -0.061
0.392 0.549 -0.215 1.189 -0.183 0.658 -0.062
0.391 0.547 -0.214 1.189 -0.181 0.660 -0.063
0.391 0.545 -0.214 1.189 -0.180 0.662 -0.064
0.390 0.543 -0.213 1.189 -0.178 0.663 -0.066
0.389 0.542 -0.212 1.189 -0.177 0.665 -0.067
0.389 0.540 -0.211 1.189 -0.175 0.666 -0.068
0.388 0.538 -0.211 1.189 -0.174 0.668 -0.070
0.387 0.536 -0.210 1.189 -0.172 0.669 -0.071
0.387 0.534 -0.209 1.189 -0.170 0.671 -0.073
0.386 0.533 -0.208 1.189 -0.169 0.672 -0.074
0.385 0.531 -0.207 1.189 -0.167 0.674 -0.076
0.384 0.529 -0.205 1.189 -0.165 0.675 -0.077
0.384 0.527 -0.204 1.189 -0.164 0.677 -0.079
0.383 0.526 -0.203 1.189 -0.162 0.678 -0.081
0.382 0.524 -0.201 1.189 -0.160 0.680 -0.082
0.381 0.522 -0.200 1.189 -0.158 0.681 -0.084
0.380 0.521 -0.199 1.189 -0.156 0.683 -0.086
0.379 0.519 -0.197 1.189 -0.154 0.684 -0.088
0.378 0.517 -0.196 1.189 -0.152 0.685 -0.090
0.377 0.516 -0.194 1.189 -0.150 0.687 -0.092
0.376 0.514 -0.192 1.189 -0.148 0.688 -0.094
0.375 0.513 -0.191 1.189 -0.146 0.689 -0.096
0.374 0.511 -0.189 1.189 -0.144 0.691 -0.098
0.373 0.509 -0.187 1.189 -0.142 0.692 -0.100
0.372 0.508 -0.185 1.189 -0.140 0.693 -0.102
0.371 0.506 -0.183 1.189 -0.138 0.694 -0.104
0.370 0.505 -0.181 1.189 -0.136 0.695 -0.107
0.369 0.503 -0.179 1.189 -0.134 0.697 -0.109
0.368 0.502 -0.177 1.189 -0.132 0.698 -0.111
0.367 0.501 -0.175 1.189 -0.130 0.699 -0.114
0.366 0.499 -0.172 1.189 -0.128 0.700 -0.116
0.364 0.498 -0.170 1.189 -0.125 0.701 -0.119
0.363 0.496 -0.168 1.189 -0.123 0.702 -0.121
0.362 0.495 -0.165 1.189 -0.121 0.703 -0.124
0.361 0.494 -0.163 1.189 -0.119 0.704 -0.126
0.360 0.492 -0.160 1.189 -0.117 0.705 -0.129
0.358 0.491 -0.158 1.189 -0.114 0.706 -0.132
0.357 0.490 -0.155 1.189 -0.112 0.707 -0.134
0.356 0.489 -0.153 1.189 -0.110 0.708 -0.137
0.355 0.487 -0.150 1.189 -0.108 0.709 -0.140
0.353 0.486 -0.147 1.189 -0.105 0.710 -0.143
0.352 0.485 -0.145 1.189 -0.103 0.711 -0.146
0.351 0.484 -0.142 1.189 -0.101 0.712 -0.149
0.349 0.483 -0.139 1.189 -0.098 0.712 -0.151
0.348 0.482 -0.136 1.189 -0.096 0.713 -0.154
0.347 0.481 -0.133 1.189 -0.094 0.714 -0.157
0.345 0.480 -0.130 1.189 -0.091 0.715 -0.161
0.344 0.479 -0.127 1.189 -0.089 0.716 -0.164
0.343 0.478 -0.124 1.189 -0.087 0.716 -0.167
0.341 0.477 -0.121 1.189 -0.084 0.717 -0.170
0.340 0.476 -0.118 1.189 -0.082 0.718 -0.173
0.339 0.475 -0.115 1.189 -0.080 0.718 -0.176
0.337 0.474 -0.112 1.189 -0.077 0.719 -0.179
0.336 0.473 -0.109 1.189 -0.075 0.720 -0.183
0.334 0.472 -0.105 1.189 -0.073 0.720 -0.186
0.333 0.471 -0.102 1.189 -0.070 0.721 -0.189
0.332 0.471 -0.099 1.189 -0.068 0.721 -0.193
0.330 0.470 -0.096 1.189 -0.065 0.722 -0.196
0.329 0.469 -0.092 1.189 -0.063 0.722 -0.199
0.327 0.468 -0.089 1.189 -0.060 0.723 -0.203
0.326 0.468 -0.085 1.189 -0.058 0.723 -0.206
0.325 0.467 -0.082 1.189 -0.056 0.724 -0.210
0.323 0.466 -0.079 1.189 -0.053 0.724 -0.213
0.322 0.466 -0.075 1.189 -0.051 0.725 -0.217
0.320 0.465 -0.072 1.189 -0.048 0.725 -0.220
0.319 0.465 -0.068 1.189 -0.046 0.726 -0.224
